0,404
0,386
27,2
25,1
25,3
27,1
27,3
28,52
28,51
28,50
28,49
28,48
28,47
28,46
28,45
28,44
28,43
28,42
28,41
28,40
28,39
28,38
28,37
28,36
28,35
3,1
3,3
10,246
10,76
10,226
10,74
10,248
10,80
10,32
10,196
11,8
11,9
11,15
11,17
9,7
8,4
8,14
8,17
8,15
8,11
8,5
20,3
20,2
20,1
19,3
19,2
19,1
12,3
12,2
12,1
11,30
11,29
11,28
11,27
11,26
11,25
11,24
11,23
11,22
11,21
11,13
11,7
11,6
11,3
11,2
11,1
10,317
10,316
10,315
10,314
10,313
10,312
10,311
10,310
10,309
10,308
10,307
10,306
10,305
10,304
10,303
10,302
10,301
10,300
10,299
10,298
10,297
10,296
